1 trotinete 50 4.000000 50 1.000000 44.000000
2 carro 20 7.000000 68 232.000000 424.000000
3 bicicleta 25 1.000000 30 402.000000 450.000000
4 trator 50 50.000000 50 102.000000 186.000000
5 bicicleta 45 45.000000 45 205.000000 223.000000
6 trotinete 23 23.000000 23 540.000000 523.000000
7 carro 22 232.000000 232 640.000000 653.000000
8 mota 67 45.000000 45 804.000000 865.000000
9 carro 321 232.000000 56 768.000000 763.000000
10 trotinete 67 44.000000 44 567.000000 532.000000
11 carro 567 33.000000 44 675.000000 690.000000
12 bicicletaÂ 67 44.000000 45 40.000000 44.000000
13 mota 456 222.000000 446 234.000000 265.000000
14 carro 43 87.000000 55 899.000000 854.000000
15 trotineteÂ 54 454.000000 45 112.000000 112.000000
16 carro 32 322.000000 67 776.000000 743.000000
17 mota 456 32.000000 32 421.000000 467.000000
18 trotinete 653 343.000000 22 345.000000 332.000000
19 trator 45 22.000000 223 243.000000 231.000000
20 carro 67 54.000000 34 890.000000 765.000000
